FOCAL_LENGTH_PIXELS=3372.57719
PRINCIPAL_POINT_X=0.0
PRINCIPAL_POINT_Y=0.0
PIXEL_SIZE_MM=0.00260928
BASELINE_MM=27871.59
ALTURA_VOO_M=119.068